p =

   0.37716
   0.62156
   0.44618
   0.73708
   0.94361
   0.74842
   0.66943
   0.97426
   0.89480
   0.98824
   0.99578
   0.98588
   0.95306
   0.77854
   0.48268
   0.61529
   0.95095
   0.95756
   0.82278
   0.97671
   0.96167
   0.98120
   0.85468
   0.68316
   0.95175
   0.85945
   0.98328
   0.99474
   0.92662
   0.57458
   0.83705
   0.98169
   0.79202
   0.74843
   0.54201
   0.87431
   0.20519
   0.82167
   0.97829
   0.39499
   0.98019
   0.87236
   0.98673
   0.98780
   0.87275
   0.92379
   0.94644
   0.97672
   0.68259
   0.96127
   0.94925
   0.99211
   0.99246
   0.54209
   0.84778
   0.78281
   0.98804
   0.20993
   0.93602
   0.89787
   0.89601
   0.67657
   0.92789
   0.56479
   0.66165
   0.96197
   0.30384
   0.82484
   0.90576
   0.92268
   0.66711
   0.83593
   0.82207
   0.82616
   0.79173
   0.98831
   0.50301
   0.67484
   0.93901
   0.98665
   0.97693
   0.99395
   0.90934
   0.86384
   0.91001
   0.84001
   0.50162
   0.87871
   0.87758
   0.80925
   0.97892
   0.95994
   0.93343
   0.89316
   0.99145
   0.98488
   0.42617
   0.98942
   0.81785
   0.87695

